0.001620
0.005242
0.000066
-0.014839
-0.010202
0.017508
0.018807
-0.023713
-0.045033
0.017986
0.077224
0.006023
-0.122909
-0.069567
0.158725
0.201006
-0.162578
-0.572124
-0.473124
0.117894
0.612485
0.682856
0.677545
0.900445
0.967040
0.344797
-0.591121
-0.832938
-0.062103
0.777585
0.643705
-0.280965
-0.919019
-0.687865
-0.040756
0.344359
0.303173
0.050111
-0.310202
-0.737938
-1.014699
-0.854247
-0.341088
0.133632
0.244108
0.018831
-0.307560
-0.515355
-0.507090
-0.295461
0.015692
0.250397
0.270469
0.085726
-0.146197
-0.235926
-0.108744
0.107447
0.186101
0.046915
-0.151123
-0.253068
-0.322860
-0.525987
-0.727324
-0.537402
0.174435
0.974845
1.292952
1.035579
0.602787
0.298914
0.013614
-0.411494
-0.749936
-0.605782
-0.010427
0.469662
0.345564
-0.157080
-0.376317
0.031655
0.698021
1.043319
0.934114
0.633973
0.318560
-0.084098
-0.576787
-0.919912
-0.959810
-0.906232
-0.998477
-1.055057
-0.686781
0.041408
0.547022
0.380507
-0.211707
-0.604174
-0.517370
-0.221082
-0.068210
-0.104116
-0.153074
-0.166103
-0.211773
-0.385176
-0.669190
-0.916846
-0.922059
-0.640864
-0.278325
-0.111035
-0.157031
-0.164714
0.012029
0.181043
0.055278
-0.344025
-0.720869
-0.807687
-0.658890
-0.493709
-0.499090
-0.690799
-0.911653
-0.872853
-0.385654
0.372988
0.888926
0.786338
0.227312
-0.302727
-0.526673
-0.602764
-0.772484
-1.019005
-1.107699
-0.882758
-0.388254
0.237442
0.781905
0.950371
0.552247
-0.149209
-0.492234
-0.060572
0.801004
1.342642
1.233290
0.856674
0.685271
0.654077
0.383239
-0.151313
-0.550904
-0.622944
-0.616828
-0.755812
-0.814460
-0.423814
0.293689
0.749264
0.552066
-0.007943
-0.293856
0.012113
0.610249
0.993122
1.025616
1.035014
1.239371
1.348853
0.908088
0.077380
-0.360725
0.057005
0.770424
0.801061
-0.037897
-0.943847
-1.176139
-0.847659
-0.477069
-0.200969
0.154526
0.485464
0.440036
0.002842
-0.430722
-0.612854
-0.679121
-0.689003
-0.409312
0.180103
0.520978
0.172668
-0.416828
-0.424938
0.159809
0.479732
0.006582
-0.710356
-0.824731
-0.263593
0.388040
0.750363
0.869934
0.687744
-0.013389
-1.044495
-1.621573
-1.186681
-0.141918
0.602488
0.647942
0.423281
0.494695
0.850322
1.040766
0.816615
0.443610
0.355962
0.585424
0.744844
0.529122
0.136704
0.034030
0.367276
0.800926
0.917719
0.638921
0.134707
-0.399957
-0.804479
-0.947988
-0.834884
-0.653181
-0.589254
-0.585551
-0.534405
-0.517185
-0.683531
-0.893609
-0.838440
-0.498130
-0.246437
-0.285830
-0.300629
0.154523
0.972882
1.488220
1.190425
0.268826
-0.649005
-1.125423
-1.171908
-0.960885
-0.487064
0.259287
0.990205
1.164116
0.571519
-0.344218
-0.851204
-0.717543
-0.392559
-0.367628
-0.578813
-0.534434
-0.074875
0.365971
0.271850
-0.245388
-0.550942
-0.219214
0.389582
0.596905
0.206346
-0.229485
-0.182887
0.162483
0.223318
-0.057564
-0.074008
0.531993
1.239985
1.200759
0.323886
-0.594839
-0.890439
-0.723820
-0.621517
-0.652316
-0.408053
0.257166
0.833463
0.703292
-0.152886
-1.063372
-1.397379
-1.087995
-0.527730
0.031116
0.646789
1.320653
1.612717
1.001652
-0.349033
-1.438178
-1.377912
-0.327102
0.671527
0.829503
0.390963
0.150212
0.451207
0.865104
0.810131
0.289242
-0.158097
-0.119006
0.299075
0.686023
0.741270
0.492072
0.142396
-0.121946
-0.243563
-0.248460
-0.239875
-0.275507
-0.342555
-0.388654
-0.419232
-0.443362
-0.359374
-0.042621
0.380602
0.546509
0.272939
-0.184248
-0.397528
-0.357025
-0.394450
-0.601130
-0.531454
0.169775
1.129443
1.518322
0.992462
0.080538
-0.493715
-0.590853
-0.546371
-0.504617
-0.228269
0.393796
0.981335
1.068516
0.653973
0.255936
0.294337
0.674741
1.002249
1.056274
0.940362
0.747066
0.390167
-0.119545
-0.417889
-0.056232
0.792191
1.241199
0.578738
-0.726339
-1.316149
-0.485228
0.905811
1.417414
0.701975
-0.217813
-0.384571
-0.008023
0.128883
-0.068541
-0.055002
0.268126
0.295807
-0.337751
-1.119057
-1.268407
-0.724293
-0.010444
0.459711
0.639843
0.535800
0.150546
-0.295562
-0.473991
-0.413837
-0.419027
-0.540780
-0.472812
-0.178850
-0.131583
-0.621448
-1.128544
-0.887986
0.064330
0.873608
0.899785
0.378138
-0.044050
-0.103882
0.054310
0.275905
0.521451
0.658340
0.483721
-0.089409
-0.863539
-1.458064
-1.490877
-0.829002
0.141638
0.653192
0.267682
-0.561103
-0.912284
-0.402188
0.421664
0.814777
0.640743
0.329488
0.197337
0.207456
0.245886
0.322589
0.366423
0.196787
-0.159045
-0.313499
0.095020
0.858810
1.354977
1.239173
0.771908
0.414125
0.318384
0.334895
0.345097
0.347497
0.272178
-0.024949
-0.413182
-0.468478
-0.034206
0.453524
0.353515
-0.327745
-0.829376
-0.479256
0.483594
1.210774
1.207699
0.778450
0.475222
0.380501
0.139782
-0.382813
-0.841812
-0.779807
-0.220442
0.243644
0.011948
-0.866294
-1.661335
-1.685673
-1.040772
-0.481588
-0.499966
-0.724068
-0.429664
0.424578
1.037478
0.755195
-0.120277
-0.724209
-0.590041
0.004179
0.526341
0.712765
0.523359
0.043872
-0.452235
-0.607554
-0.363567
-0.101087
-0.170149
-0.319517
0.003695
0.753876
1.112708
0.432895
-0.844244
-1.607233
-1.266585
-0.280936
0.541143
0.826123
0.725293
0.485876
0.268829
0.165821
0.155195
0.019081
-0.403418
-0.893214
-0.973153
-0.447515
0.298286
0.721935
0.621324
0.168754
-0.318992
-0.597176
-0.530146
-0.220453
-0.002467
-0.104433
-0.287478
-0.125494
0.445633
0.945077
0.937483
0.546624
0.303513
0.451261
0.720730
0.662086
0.092046
-0.786830
-1.513936
-1.613933
-0.967807
-0.042874
0.416923
0.073795
-0.644858
-0.977842
-0.549521
0.347166
1.156170
1.573520
1.632533
1.411685
0.909206
0.172535
-0.554100
-0.973430
-0.917685
-0.455950
0.163982
0.574876
0.402773
-0.357434
-1.096465
-0.991963
0.025966
0.973853
0.800211
-0.278674
-0.941357
-0.400427
0.561533
0.669588
-0.136785
-0.701439
-0.343004
0.263267
0.187095
-0.346183
-0.364795
0.322309
0.801231
0.340636
-0.588516
-1.003116
-0.707903
-0.373017
-0.508580
-0.844792
-0.879729
-0.597923
-0.350904
-0.210862
0.154154
0.877969
1.442991
1.214149
0.310687
-0.325090
-0.004254
0.846221
1.136449
0.480484
-0.303320
-0.227471
0.609318
1.160940
0.723512
-0.306303
-1.032296
-0.981127
-0.340368
0.442408
0.923543
0.738408
-0.077256
-0.876095
-0.865213
0.008522
0.877680
0.887142
0.096280
-0.669833
-0.813895
-0.431612
-0.012839
0.102675
-0.131733
-0.524719
-0.761752
-0.549852
-0.025834
0.232941
-0.182585
-0.909232
-1.150444
-0.609664
0.122110
0.251169
-0.297686
-0.854596
-0.815716
-0.291899
0.188778
0.300355
0.191657
0.160449
0.280507
0.352397
0.203747
-0.062319
-0.165636
0.060817
0.446786
0.691672
0.690257
0.582579
0.459250
0.291032
0.050414
-0.127327
-0.163633
-0.143621
-0.177051
-0.166411
0.009043
0.229736
0.277723
0.169602
0.123534
0.169460
0.077417
-0.168391
-0.205306
0.161443
0.504257
0.274795
-0.355679
-0.668155
-0.401712
-0.074426
-0.105190
-0.045370
0.692669
1.710907
1.860344
0.767841
-0.529831
-0.817863
-0.150431
0.367314
0.083930
-0.535523
-0.676700
-0.167290
0.447564
0.575104
0.115609
-0.549463
-0.923973
-0.769187
-0.303926
0.044140
0.092228
0.094196
0.272708
0.439976
0.233462
-0.249898
-0.468711
-0.133188
0.388749
0.518577
0.203265
-0.154397
-0.280991
-0.301208
-0.330096
-0.278605
-0.089003
-0.011842
-0.269873
-0.635105
-0.609863
-0.129822
0.283233
0.199012
-0.141843
-0.242123
-0.135733
-0.284253
-0.672239
-0.596145
0.354077
1.422651
1.409809
0.223191
-0.786251
-0.436797
0.909808
1.828147
1.539026
0.522177
-0.365380
-0.884502
-1.165689
-1.086462
-0.431001
0.445495
0.745619
0.189700
-0.561314
-0.753389
-0.423799
-0.184706
-0.284423
-0.396064
-0.241684
-0.040361
-0.118836
-0.447861
-0.759945
-0.888741
-0.770435
-0.361726
0.191703
0.436728
0.055771
-0.664605
-1.082695
-0.966928
-0.735892
-0.777677
-0.900981
-0.695790
-0.140944
0.394329
0.632391
0.554772
0.247105
-0.183429
-0.430800
-0.140076
0.571896
1.013339
0.591283
-0.469181
-1.268205
-1.119546
-0.193718
0.740927
1.022938
0.545394
-0.303588
-0.949706
-1.046720
-0.722298
-0.422941
-0.412848
-0.493113
-0.329128
0.013672
0.083161
-0.346296
-0.870288
-0.888542
-0.342826
0.134883
-0.064253
-0.802612
-1.283523
-0.915762
0.083501
0.856366
0.761141
-0.016352
-0.688335
-0.738705
-0.374746
-0.163247
-0.335612
-0.579012
-0.514860
-0.177167
0.053898
-0.098787
-0.571798
-0.975548
-0.885041
-0.219370
0.540134
0.701335
0.084660
-0.650002
-0.646918
0.143788
0.949925
1.118284
0.788810
0.450717
0.264074
0.061443
-0.112407
0.016761
0.463795
0.840106
0.867170
0.647469
0.346817
-0.042313
-0.446852
-0.462089
0.132335
0.830532
0.858948
0.279490
-0.021857
0.469683
1.101998
0.938224
0.043001
-0.563579
-0.350875
0.100516
0.071795
-0.178795
0.125888
1.004745
1.525216
1.028763
0.073086
-0.289772
0.126301
0.525364
0.262564
-0.338140
-0.510110
-0.117136
0.321373
0.485453
0.653319
1.064493
1.351545
0.997693
0.184700
-0.259405
0.106173
0.777401
0.903753
0.249224
-0.601782
-0.870167
-0.332249
0.530581
0.948253
0.571251
-0.208770
-0.701162
-0.681853
-0.555910
-0.677078
-0.762311
-0.305522
0.554573
1.016065
0.582075
-0.252714
-0.547250
0.021491
0.855873
1.168528
0.777937
0.154224
-0.210168
-0.289663
-0.412277
-0.757363
-1.057248
-0.884802
-0.210297
0.562536
1.069067
1.279076
1.261084
0.894978
0.140618
-0.632673
-0.969032
-0.908295
-0.880312
-0.981678
-0.803949
-0.149575
0.458861
0.325675
-0.487383
-1.172701
-1.141855
-0.640045
-0.321407
-0.409808
-0.517004
-0.193032
0.544993
1.260208
1.522740
1.140366
0.224064
-0.803370
-1.325861
-0.948207
0.070045
0.915004
0.985972
0.457083
-0.075927
-0.348604
-0.546832
-0.711650
-0.545281
0.067521
0.667585
0.820301
0.673911
0.646564
0.601139
0.054255
-0.868280
-1.260222
-0.638639
0.327344
0.647659
0.316499
0.129476
0.442232
0.702082
0.413151
-0.062670
-0.044416
0.489242
0.863400
0.561236
-0.216502
-0.796439
-0.612237
0.351356
1.458058
1.761496
0.861144
-0.590049
-1.424034
-1.158343
-0.397724
0.026373
0.008300
-0.069602
-0.075844
-0.199588
-0.328926
-0.024177
0.732783
1.225930
0.795851
-0.254005
-0.999693
-1.005448
-0.689341
-0.527679
-0.411862
-0.090141
0.212995
0.059002
-0.396545
-0.376014
0.471513
1.442326
1.550992
0.704770
-0.237961
-0.558512
-0.466149
-0.550841
-0.870332
-0.896796
-0.360558
0.352558
0.650570
0.491980
0.308759
0.440641
0.788450
1.036334
0.972216
0.616606
0.125986
-0.281749
-0.427359
-0.304972
-0.084809
0.042480
0.038984
-0.005594
-0.019715
-0.004490
0.007392
0.003095
-0.008574
-0.006940
-0.001277
0.003383
-0.001003
-0.006202
-0.004015
0.004346
0.002617
