Var1
-0.944722303087786
-0.694103307006688
1.70302350677319
1.10114225085955
-0.642873006074775
1.5023666183159
0.69578953124762
1.24611447997188
-1.34018794172374
-0.925949367928982
-0.0853792256337865
1.43879545532785
0.347159427022264
-0.845687088336707
-0.195453356932327
-1.15620244260041
0.306640862921482
0.0833237123807669
0.84698918821393
-1.22260668098726
1.0241687922173
-1.15738352221627
-0.967290279850935
-1.65479571761583
0.877175322073179
-0.293644069358274
-0.339502446563156
1.07134329663217
-1.60083675125107
0.642823323760162
-0.846982533172584
-0.653713984017127
-0.0552024638700597
1.1279361510578
-0.222773929159937
-0.634969361090987
0.705664132328247
0.131987254604857
-1.26880078111217
0.899011753414728
-0.304348591270852
0.893557291013837
-1.16749606336793
0.563822288572366
-1.38164715229595
0.935019318676922
-1.64341758080606
-0.730813414118367
0.708655247375475
1.0745585807425
0.761324067917827
1.11836702738955
1.33869037537475
-0.537995403638846
-0.0936246927498463
0.595421524089927
-1.34173398858939
-1.24857272184031
1.16672531132755
-0.36502185508332
1.13727071051603
-1.64685941257013
1.63346472035237
-1.35575448314702
0.742927701563061
1.57111442690874
1.15651546191707
-0.351000326304998
0.969351002142592
-0.0980137927465684
-0.597796666291259
-0.900479793151875
-1.14172786144961
-1.2375233989952
0.111691195188643
-1.69646129841428
-1.47396852993876
1.21167536299183
0.354627631798966
-0.358736841943031
0.781555699888398
-1.61049121857599
0.132165029122073
0.112556080850045
-1.46282017050906
1.66946542404469
-1.61199556810935
0.59202217803763
-0.314585378229718
-0.497329252749517
-0.836266432739444
-0.710264056081774
-0.774658299895953
-0.868319765027426
-0.675278566457492
0.839790264487109
-0.950592788060043
0.0361969032241561
0.396360464871288
-0.821915946762532
1.4131988603282
-1.45744909021432
-0.0184322208519173
-1.62100437464006
0.116631931657012
-0.45287585532944
-1.10861749490245
-0.884650031852769
0.23839056916061
-1.49298089871034
-1.02644973787545
1.1669668005667
0.770971305260842
0.901567737172888
-0.608929528465275
0.754206239404237
-0.989339253444407
-0.705191968576358
-0.632889915380098
-1.05355161933882
-0.792125524820478
-1.50741052410243
-0.273256943234216
1.19693961601238
-0.512267911399128
1.46411261570714
0.580021113479641
0.224132681056568
-1.13295093508539
-0.0345520805650761
1.53261253199682
0.621636351860635
1.26658392449686
1.63082159724448
-0.232675926071954
0.984526494738984
0.336948448500425
0.531640704599653
-1.50999058687643
-0.494803038495818
-0.133346310818997
-0.555097715964457
-1.58484022265303
-0.341538490183725
1.18573601790078
-0.149831455805561
1.03681260948703
-0.421348983587813
0.201076811631782
-0.334123954622301
0.82937103382357
1.00410796071866
0.525082944469176
1.67235728686665
1.66182498007714
-0.180097089888129
1.65334724101214
1.19057546432366
-1.59835007779415
-0.262387240936583
1.5765513498262
1.06371810576834
-0.690081182705144
-0.943166651809232
-1.10625062242491
-0.388409706871182
-0.876081542293815
-0.00718515500505989
-0.319022701989719
1.01491248115875
0.218835111809908
0.46888869913413
-1.27447349940658
-0.265602452891972
-0.301664896388989
-0.914004806583748
-0.567855203256064
0.367144763993927
0.000458487717003664
1.09735179783607
-0.902237634082815
-0.476684226027653
-0.133652231396468
0.832521093403228
0.564541609432992
-1.35831474867481
-1.37985745948838
0.553515564979349
0.623115493540692
0.575977687224107
-0.129835873350415
1.53488671913129
0.440735588121082
-1.63881938181516
-1.66129485954669
-1.53800714466423
0.925565232976689
0.307966890572731
-0.290590022696376
1.09196865496852
1.10112518990318
-0.191118045608813
1.65690443292383
0.22178600832436
1.50939325536318
-0.674403667791012
1.19025689720242
0.0288069565571385
1.66027514896256
-0.579121567262778
-0.281637027004464
1.23314282592842
-0.055037166709974
1.6929970741386
0.383037541595761
-0.655563446635022
0.74239758275745
-1.16439997591414
-0.998475587722792
-1.15990870613227
-0.620082784895438
0.428029475092594
-1.50657753902197
-1.0156946745844
0.519506298195861
-0.907578096903956
-1.14300403506065
-0.822242335965931
-0.817576735512006
0.84842280637777
-1.2921898233531
-0.149921396309719
0.310422209769341
1.17855832983245
1.26124400105704
0.747281552948308
1.19423766712136
-1.24430224123411
-1.25905975489575
-0.814248107061491
-0.835897790849394
-1.25823327083679
1.25124350116241
0.281713681991147
1.51824938043873
-0.00857681648949569
0.732655327189357
-1.50897036980549
-1.56516814921237
1.48072185447558
-1.69938638023066
-0.382067757682089
-0.10971500431734
-0.741114609817997
1.215249404306
-0.150929285273998
-1.02525058963768
1.14989515863163
-1.71324084327909
1.21491078056225
-0.106391021483979
0.792464434726274
0.216998640599947
-1.6177643026819
1.28332105757229
-0.212021338152193
0.740841579401763
-1.49275477194628
1.5221042487929
0.975689439636776
1.55108155897523
-0.435984239836747
0.244278353605741
-1.65426071015351
-0.0508941888634186
-1.03602145909922
-0.466223829842658
-0.467458781648348
0.128863353146721
0.920375519473013
1.34024369588958
-1.64152696550829
0.300539656890537
-1.66485382991638
-1.56099975660956
-0.409619632236236
0.613902967315037
0.0628320059601154
1.49443974548877
1.57127152372073
1.08700403083785
-0.297964989083999
-1.44801839014531
-1.71179140348637
0.144702462406065
0.383756472934703
1.24616617168323
-0.495215550801958
1.19504657312765
-0.165148133586795
0.881722198365188
1.13863703284931
-0.0497444783905983
0.222089560179035
-0.879243278412824
1.46124878570136
-0.112109666563135
0.499285903046657
1.48030146798448
-0.523540184148133
-0.494831472839512
0.888755357257929
-1.26341054908178
0.197496125731849
-0.440932069068419
-0.175359799043163
-0.114933211202349
-1.10199329305542
-0.507669663121767
1.14414473206379
-1.67588131645633
0.518185514231831
1.66063590925444
-0.795900801422055
0.580935150417588
-1.37733459944209
0.94383162569185
-1.69620962149256
0.387708816458648
-0.770830462920054
-0.316099910823385
1.66574315014584
1.25283543221511
1.49723169023641
-0.679628745693688
-0.347818125167643
0.212248675265227
-1.30470613276139
-0.833519197613282
1.22097745567681
-1.10706222878446
1.53548652205958
1.30432196224611
0.693519099587293
-0.263909649711562
0.420814880798146
1.53701726377416
-0.191389482785086
1.69272068978102
1.16379856652376
-0.0407262846630434
1.43258874374467
-1.03455456040951
-0.04502485399599
0.348389196332642
0.197790521288522
1.28368231127918
0.83368715495893
-0.601852334289879
-1.571149076994
-0.501128868191111
0.894292136134609
1.60663800288002
0.933383725279408
-0.737514679762081
-0.472992318996634
0.810442811899263
-0.946286136205806
1.39835706072005
-1.66357054378884
0.966171377361248
0.440666985838569
-0.0824919035995632
-1.71762336453094
-1.46795086863914
-0.142624172852807
0.317351047104617
-0.284809211147811
0.696620969802879
0.669819022721783
0.404414805779956
-0.313108542280329
-0.478675161832538
-1.67638853343091
1.60117092168304
-1.23782354646645
-0.964198693857426
-0.640977168307084
1.34237687788379
-1.33112791764532
-1.16995505036747
-1.54033799208547
1.05521720599009
1.10210134300231
-0.52331542171173
1.71102176351635
-0.763450996500988
-0.0543635699580338
0.974872049738173
-1.167789054895
1.27763004134067
0.911874879281245
-0.0205081787898341
0.345418389552795
-1.50311945022608
-0.978432345109951
-1.14369632685651
-1.55501879700356
0.141793844655364
1.5458885591368
-0.718021513881405
-0.0741231404099834
-0.854421874052564
-0.618934547641024
0.389967537419509
0.813724653092224
1.69130427545784
-1.65273046111764
1.40053818275347
0.80605387400664
-1.13981212236639
1.52297515612619
-0.901260724720764
1.50066864834329
-0.549274596635163
-0.871422102533593
0.408104671208165
1.46272540226239
0.471117617682104
1.64933221287487
1.03996975491465
-0.0600924223869175
0.298092820652834
1.06604141683211
-0.396438139303833
0.547094088937232
0.378712672333512
0.161775057228729
-1.02383890660351
0.105258105352358
0.275085632730844
-0.918152232656634
1.71630318932526
-0.637165583183419
-1.0234518736909
-0.819273715120441
1.08863886930491
1.29841029823568
0.480319012093248
1.41516248743542
0.223099035059567
0.245934280417441
0.814646551680277
-1.32776634573067
-0.516881166719809
-0.0462944732237803
-1.32976969222432
0.809305976273805
0.152793918617499
-1.27570098416281
-1.51816304021099
-1.3601861736622
-1.48407443684837
-0.481058458275749
-0.194712757432613
-0.58234760987394
-1.20681336510853
1.28836857401513
0.256310612162129
1.70328527195503
-0.802807838933762
-0.930783239320763
0.0191629790473935
-0.186147798355607
0.293957837782506
1.16490697444925
-0.352572784063876
1.03385058002841
-0.736117547551488
-1.23620965312683
0.812397665761405
-1.51164328046975
0.687637878810311
0.344487882739878
-1.6053535708351
1.48673050631043
1.63478310759098
0.0367062506582059
-1.22714053263575
-1.15976952609405
-1.32709321152889
-0.163047719172727
0.121472814168922
1.1016607822823
1.18219576438841
-0.67954892233201
1.26533892125536
0.0215127683715229
0.251742566912391
-1.26022117068469
1.47141248119903
-1.69666684710393
-1.03187911533195
-1.1227181112144
1.63037835955798
0.395036110286218
-0.0506321440430977
0.160865638836768
0.681463763183826
-1.28027320778471
-0.485188996521749
-0.74147397001519
1.33008985890012
-1.16512644622229
-0.306345209458684
0.693102542401933
-0.375067851108417
1.14581817581028
1.23391664650818
0.680443996831217
-0.640416216430698
1.20360088365084
1.28025975980934
-0.860810291729664
1.51390486622178
-1.65354616944406
-1.24747291080178
-1.15372156049479
-1.71386945419141
0.00310050673927529
1.28782017972463
-0.739441394596659
-0.781557903190849
-0.0807392611941806
-1.38634211555812
0.628372724193201
1.31818014733485
1.44836287112079
1.59495970064258
1.25247191674158
1.36766862684968
-0.0361168366347296
-0.925819258819446
-0.432286669162008
-1.08490027819193
-0.573259131410248
0.0777484342529633
0.994710402042737
0.355092218798501
-1.49533171785986
0.610735630822017
-1.53925359218893
-0.837139763313154
1.68365342520427
1.05945007427639
-0.863012327358793
-0.317200445148559
-1.10549226588209
0.720627825469567
1.25937801059348
-0.528575935690508
-0.702424481094382
-0.960487836436641
1.42797139068583
-0.487328741450874
-0.030774157797749
-0.944972134022881
0.677975784374832
1.06522993528267
0.193767900815552
-0.831582845283528
-0.929690763848804
-0.819383595574078
0.411091166833763
-1.41389757133047
-0.640952210778645
-0.771658800318185
-0.0918036060311192
-1.49510904337665
0.968114191646612
-0.74917778142333
1.49821431843822
1.4313805584743
0.259426547835681
1.65450195719233
-0.821640202423184
-0.422579787332851
0.971787777761763
1.62934163012409
0.552835081894525
-1.40504328952673
0.965802650138128
0.130046086853045
0.830318089721921
1.67727626087558
-1.10126211526923
-1.35055962872167
0.162420755562999
-1.014438219765
0.295427263867362
1.27822298351496
0.49921896835875
0.115729793089037
-0.9628087813294
-0.687034865696439
-0.456991899039397
1.13104415707721
1.12088154161334
0.252790235231137
-1.68899733310306
-0.23492117447839
0.515281422821904
-1.54104560481961
0.737224569263771
0.253666618699697
-1.38362825078755
0.220726306959079
-1.19063259589403
-0.156222510065922
0.778083961833573
-0.535018037946661
-0.697006341477158
-1.58999124056296
0.142752982339364
-0.969151319100286
1.6199312076751
-1.55793174967906
0.053546388613513
-1.70900543325171
0.934088445643225
-1.18646334615837
1.43233331741207
-0.433971721849947
-0.034179202857433
1.37394530013043
-0.855818807864528
0.324597367652013
1.0922757518719
-1.33065473501111
0.122850348457438
1.10376083904633
0.487543052399283
0.264616136689289
0.612523536631982
1.60505822710593
-1.53329946926162
1.44693273560128
-0.694277409057458
0.305587869716438
-1.04765025319251
0.385916217235313
0.469317113343958
-0.794552697234949
-0.157860590054079
0.920403479726676
1.07648570707302
-1.27802668550358
-0.233216977894397
1.55961615664939
-0.155279073205452
-1.4303342828368
0.424322066700431
1.10604064103435
0.513377334083036
-1.21914518233547
-0.492800319578931
-0.0763491617180085
0.212426206381507
-1.09443885172725
0.944112661073877
0.239585672375339
1.70257409696805
1.69133965363993
1.51131279014997
-1.32892950659477
-0.257639687790509
-0.992348735301604
1.34529638747772
0.126563718074584
-1.36359033517402
-0.851214580707439
1.34260068626677
-0.831469244472191
1.20269401397495
-0.922699483516862
0.761836435493534
-1.19240243831968
-1.47066748123615
0.264834451487681
-0.533643427581533
1.49814329648744
-1.5798826441071
1.33918863871137
-0.578230341427155
1.67408036261794
-0.856777373401445
-1.60009264517734
1.27052126660898
0.361376484929666
-0.0677016836902034
-0.36603656401464
1.58426812684047
-1.60963961549997
-0.420548102250093
0.690597573051155
-0.998494360120667
0.115832685915967
-0.48198409039405
0.733723921922923
-1.69710354647529
0.480411945202161
-1.28642246166675
0.944965680911169
0.128595111207601
0.320697898036265
-1.31031817275068
0.384917442494903
-0.0367828305636755
-0.417669663079544
-1.68165007457513
1.23799217483225
1.34682933654249
0.875694856901623
1.03195705594703
-1.26127028951681
-0.775777566643513
1.50411925015002
1.70577925732593
1.5546123029518
-0.00117308435369335
0.44805545913324
-1.658844966247
-0.440017348912631
-1.68951853683621
0.160801153399167
-0.266838379315966
0.960411237494994
0.926982293035993
-1.21063619906627
-1.20337335899036
0.125361470858069
0.21153158060589
-0.646584112796264
-1.01687633431457
0.410451144786879
-0.123726959621621
0.396951597176948
-1.69977548284243
-0.0545476793528959
-0.537195076345585
-1.29811495348323
-0.0690180489820709
-0.218480068109428
0.61267420062286
0.557069827338652
-1.26367491224978
-0.944621104686733
-1.25984908761311
0.12623412833172
-1.54091586709085
-0.840793642685818
-0.186737657904583
-1.0250246960582
1.33082075742423
0.250670103921409
0.371198513310853
0.0859144948067961
0.492159791056302
-0.718804438004096
-0.602148984129774
1.03041638277039
0.970373230520891
0.447418871355338
-0.175422013978182
-1.68031504370575
-1.29994011896184
0.884005667372825
-0.20138602679555
0.727744818733615
1.5771903746664
-0.841472366759796
-1.33941071777174
-0.378862809607171
-0.862641852633182
-0.917561615303799
0.0732541362539916
-0.408328024729459
-0.753814963265231
0.113831939980835
0.473781308339034
-1.02717503618833
-0.128896312709146
-1.3579915857619
-0.503068627912164
0.578650196815134
-0.102250310520826
-1.07637920397021
-1.61890445408278
0.0837840519056487
-0.399335070460531
0.180798253377826
1.52560381519645
0.202259848063987
-1.36879059384779
-0.952365023237006
0.901967657253274
-1.53135401812292
0.509790571468124
-1.14101031463525
0.0538497368254707
-0.750481167845866
0.515055620110239
-0.388481844620871
-0.306125671582823
-1.49195398614886
-0.414525532355423
0.0966019500505725
-0.160482572200224
0.31089015790855
1.60786890961172
-1.3979397620687
-1.52065586653567
1.26494070734022
0.673550634867479
1.19169024320662
0.34344750139843
0.991898922319303
-0.480310488353451
1.36874545031486
-1.28212528123762
0.259663646510145
0.760736221006262
0.752642277045558
0.726618127068273
0.995148596459646
-0.0300522593660698
-0.456571364499983
0.98347951828964
-1.41926484297506
-0.277574453468977
1.71886357305168
0.277461308913969
0.901832272437748
-0.436020353751023
0.177285251735671
1.39977269633252
1.40574793594708
-0.16342604770999
-1.5533807676419
0.856011247270532
0.0861903094499434
-0.9380198027221
1.03106441350809
-0.605687840007975
1.06717901185576
1.71575782086134
1.2796322539271
-0.590789086846017
0.52649709277186
-0.84991327345182
1.47641930568392
-0.20654496677235
0.056656436566258
-1.36095350783916
0.687675931585407
0.367015014344846
0.0836736245205284
0.526077267050004
1.68429041855895
1.01703920371702
0.496809710134007
1.32153587582588
-0.980604693541506
-0.259594251863302
1.617515438425
0.544328324458949
0.336567052209298
-0.651003431171152
-1.69281836891052
1.66890491142921
-0.969208249269643
0.800208589892559
1.03730795614008
0.345881012317103
-1.20827919555992
-1.15248545561992
-0.515422942429995
0.698981126251417
-1.7073683079687
-1.19542422400409
1.55863145288259
1.69516064100272
-0.477857441743113
-0.588678679885541
0.406825321055234
0.0310075040285487
0.234487704411365
1.39988904885875
0.553885906095502
0.985133992629944
-0.787900786492558
-1.09364871958585
1.16033574845873
-1.5516548640957
-1.27035873626922
-0.695082453241264
0.22873597385663
-0.191765776568299
1.46650139393195
1.71832941136052
0.349147612999445
1.07059777522572
1.08470576526267
-1.50870617442694
-1.01156546830614
-0.518756899443212
-0.995086608886308
-0.985571777186935
-0.587868254131619
-0.775554227743594
0.800423588622834
0.713861094330379
-0.73366171458009
-1.69880728311329
-0.662355833048197
-0.550484075729166
-0.192985040826364
-1.03595462769881
-0.449452312050262
0.851260145233954
-0.622941143577307
1.64620829851623
1.58245896770946
1.19638093388721
0.305762112916209
-1.34463186320865
-1.05543765363243
-0.0198147646022211
-1.41440585591362
1.47942857792041
1.26607492657933
0.651705265042833
-0.619093536137927
-0.708778159209786
0.347516536068058
-0.815923947418632
-0.661199672831423
-0.723804069581628
1.37006805373723
1.4381925605775
0.0587496359138562
-0.0179953245865944
1.30969825905138
0.400316642743294
-1.22225293781706
-1.33836036042617
-1.21333579604761
1.59746679493442
-0.0319752057833079
0.448120818256419
-0.361997414082864
1.00256107112725
0.652043358024293
0.723566432812147
-1.32147757147191
1.50007243115812
-0.610939829573077
1.64082154703545
0.0504383338265416
0.0420607931010859
-1.31502606845968
0.489883325109607
-0.574376168078807
1.66637362463219
1.64166810753099
1.53947333235448
-1.63113380810742
-0.469396058564548
-1.50514096881286
-1.19022015651298
1.48253379065182
-0.566500974388259
-0.577633904460951
-0.0673617983761265
0.679187952073536
-0.518121002711948
-0.868272725937621
1.21901488595083
1.31553360518632
1.26894188428975
-1.12136870976739
-0.957423246340084
-0.217065715433096
-1.56200798755199
0.435465290000196
-1.40453440157667
0.261407367014875
0.543506378356832
0.0662388581519196
-1.48050916545037
1.29260804206135
-0.585299180848118
1.55576137159858
1.41035010810026
1.57226213135483
-0.892769818026503
-0.999153020425572
0.00987133198191613
0.118737229620001
-1.5632116934361
-1.57878991707059
0.906402418418751
-0.109548393556333
0.619189029187787
0.332409431004481
0.0991906081153647
1.57107986607363
-0.329978099618972
1.05547191950786
1.71419875937186
0.43293701710668
-0.859404401024973
1.28357455393116
-1.52653310597597
