Var1
-0.00100133019297237
-0.00363143244128274
4.29679450515608e-18
0.00645036878348488
0.00322723869677156
-0.00883671160695437
-0.00934798216760108
0.00904965506035383
0.0184257920096405
-0.00474895405937985
-0.0297203708815585
-0.0071111589308606
0.0417194657769681
0.0316490785646389
-0.0524277942694054
-0.084795435180206
0.0598462764045317
0.310829208248836
0.4375
0.310829208248836
0.0598462764045317
-0.084795435180206
-0.0524277942694054
0.0316490785646389
0.0417194657769681
-0.0071111589308606
-0.0297203708815585
-0.00474895405937985
0.0184257920096405
0.00904965506035383
-0.00934798216760108
-0.00883671160695437
0.00322723869677156
0.00645036878348488
4.29679450515608e-18
-0.00363143244128274
-0.00100133019297237
