0.000946
0.004126
0.000815
-0.013381
-0.010881
0.017924
0.021411
-0.021478
-0.044906
0.017627
0.079183
0.007785
-0.121957
-0.070421
0.159832
0.201946
-0.161650
-0.570151
-0.468432
0.120822
0.614253
0.684495
0.677485
0.900432
0.966586
0.348337
-0.588666
-0.828313
-0.062436
0.775736
0.643414
-0.279380
-0.916744
-0.686096
-0.038654
0.341945
0.302964
0.051743
-0.307343
-0.738388
-1.012889
-0.853569
-0.340847
0.132536
0.240490
0.015774
-0.310821
-0.516878
-0.507564
-0.295270
0.012928
0.246898
0.272613
0.087266
-0.146607
-0.235115
-0.106511
0.105687
0.185052
0.047003
-0.150817
-0.253689
-0.321344
-0.523018
-0.724363
-0.530241
0.178813
0.977298
1.296052
1.038124
0.603621
0.301707
0.018733
-0.408160
-0.748295
-0.605681
-0.011301
0.470352
0.348349
-0.157177
-0.373502
0.034319
0.698147
1.044459
0.933320
0.634884
0.318297
-0.083370
-0.577295
-0.919904
-0.959024
-0.907310
-1.002018
-1.056130
-0.689086
0.038504
0.542138
0.376123
-0.213205
-0.608458
-0.517743
-0.222303
-0.072449
-0.107887
-0.159218
-0.169937
-0.219000
-0.392469
-0.674703
-0.920968
-0.927949
-0.645925
-0.282164
-0.113304
-0.161271
-0.166790
0.009681
0.174323
0.052588
-0.348834
-0.722721
-0.813682
-0.665305
-0.496921
-0.503145
-0.695480
-0.913688
-0.873601
-0.387729
0.369427
0.886297
0.784578
0.223490
-0.302145
-0.526713
-0.599917
-0.768024
-1.017232
-1.108035
-0.884893
-0.387564
0.235478
0.778356
0.949455
0.554587
-0.147535
-0.487381
-0.055400
0.806080
1.344829
1.235880
0.859836
0.685733
0.656734
0.389113
-0.142982
-0.541888
-0.613133
-0.609523
-0.750915
-0.807369
-0.415379
0.298147
0.751658
0.559180
0.000421
-0.286092
0.018257
0.617909
0.998259
1.027792
1.037277
1.243107
1.350911
0.909667
0.080472
-0.355408
0.062510
0.773078
0.803149
-0.036545
-0.941909
-1.171640
-0.842738
-0.471616
-0.198306
0.154116
0.484715
0.441779
0.005397
-0.430199
-0.610368
-0.672661
-0.688334
-0.411522
0.178027
0.520320
0.170250
-0.420255
-0.426029
0.160518
0.478557
0.008236
-0.706675
-0.820487
-0.262145
0.388289
0.752373
0.870964
0.690040
-0.010625
-1.036514
-1.613086
-1.180762
-0.136457
0.608800
0.652839
0.425674
0.495496
0.854010
1.045669
0.819716
0.447112
0.360331
0.592086
0.747985
0.530489
0.140539
0.036932
0.369302
0.798424
0.919006
0.641949
0.137104
-0.397675
-0.801377
-0.943992
-0.832599
-0.654302
-0.588730
-0.585924
-0.537957
-0.520253
-0.684273
-0.890968
-0.836203
-0.496819
-0.244888
-0.287766
-0.299645
0.149329
0.966015
1.484143
1.186302
0.266460
-0.649849
-1.123594
-1.170305
-0.963339
-0.490606
0.257703
0.986514
1.162785
0.567346
-0.341809
-0.846494
-0.715021
-0.389695
-0.366048
-0.574838
-0.533444
-0.074529
0.366312
0.272511
-0.245597
-0.548882
-0.221199
0.392482
0.596990
0.207383
-0.226824
-0.181588
0.163544
0.222082
-0.056594
-0.072865
0.531569
1.238648
1.199495
0.326473
-0.589663
-0.886994
-0.720514
-0.618376
-0.652057
-0.405770
0.256469
0.833068
0.699570
-0.153761
-1.061104
-1.390863
-1.083589
-0.523678
0.033081
0.650834
1.322209
1.612069
1.001585
-0.346062
-1.432499
-1.369332
-0.321345
0.674000
0.832104
0.392973
0.151616
0.451450
0.867877
0.813911
0.292922
-0.151990
-0.112036
0.304621
0.688409
0.741914
0.494308
0.143444
-0.122673
-0.241595
-0.247375
-0.235106
-0.270887
-0.336835
-0.384102
-0.416695
-0.439272
-0.355811
-0.041387
0.383314
0.547375
0.271907
-0.181585
-0.394980
-0.353302
-0.394362
-0.595557
-0.528384
0.170704
1.131730
1.519707
0.996502
0.083641
-0.489183
-0.583024
-0.538541
-0.498174
-0.218955
0.399185
0.985849
1.073060
0.662416
0.266398
0.303054
0.684721
1.008574
1.064665
0.947549
0.754277
0.397558
-0.112657
-0.409410
-0.052046
0.793949
1.244086
0.583661
-0.720185
-1.307256
-0.479084
0.909644
1.418305
0.705285
-0.213307
-0.380246
-0.003310
0.130206
-0.068121
-0.055625
0.267686
0.294639
-0.340991
-1.116896
-1.264590
-0.720796
-0.013838
0.458114
0.637838
0.535533
0.151040
-0.293343
-0.472963
-0.413208
-0.420308
-0.540485
-0.472916
-0.182266
-0.134862
-0.623894
-1.128281
-0.887267
0.063031
0.872498
0.897509
0.378089
-0.045749
-0.102714
0.057548
0.274527
0.517587
0.658053
0.483281
-0.089476
-0.863991
-1.454669
-1.487490
-0.829737
0.141773
0.654479
0.269926
-0.558812
-0.908073
-0.397570
0.425660
0.819281
0.646691
0.331561
0.202777
0.211245
0.248581
0.325965
0.370324
0.202142
-0.152354
-0.304860
0.103310
0.864128
1.359696
1.244833
0.774422
0.419595
0.327775
0.343706
0.351123
0.351244
0.278399
-0.018651
-0.408947
-0.465641
-0.029584
0.457596
0.357464
-0.322879
-0.822005
-0.476311
0.484442
1.211015
1.205286
0.777435
0.475275
0.379294
0.139707
-0.381561
-0.839507
-0.780140
-0.223291
0.240608
0.007174
-0.868236
-1.660228
-1.687364
-1.040117
-0.482014
-0.499900
-0.723918
-0.431756
0.423262
1.036688
0.755639
-0.121602
-0.725642
-0.590012
0.000298
0.522852
0.711390
0.521123
0.040521
-0.452624
-0.606490
-0.359812
-0.099872
-0.167136
-0.318974
0.000856
0.752597
1.112964
0.436332
-0.843367
-1.603023
-1.261728
-0.277758
0.539716
0.825581
0.725232
0.485825
0.266611
0.166828
0.156679
0.020656
-0.398832
-0.889680
-0.969886
-0.443182
0.301530
0.722152
0.621859
0.171262
-0.318918
-0.594787
-0.527367
-0.217461
-0.002350
-0.103054
-0.285900
-0.122727
0.443821
0.945897
0.939448
0.550466
0.305161
0.453262
0.723459
0.662984
0.094255
-0.782637
-1.510767
-1.614089
-0.968391
-0.042099
0.417416
0.073109
-0.640932
-0.973296
-0.547916
0.351618
1.158493
1.573200
1.631309
1.413131
0.910571
0.175365
-0.551276
-0.969996
-0.914265
-0.452723
0.164448
0.574934
0.404517
-0.355724
-1.091177
-0.988810
0.028707
0.976687
0.802814
-0.276283
-0.938638
-0.399700
0.561081
0.665877
-0.140263
-0.702577
-0.345290
0.262072
0.188285
-0.344436
-0.363077
0.322662
0.800229
0.338167
-0.586310
-0.999873
-0.706745
-0.370158
-0.504225
-0.842877
-0.875312
-0.594209
-0.349759
-0.209825
0.155549
0.879808
1.445616
1.214934
0.312399
-0.323418
0.001818
0.849956
1.139075
0.483921
-0.299600
-0.225771
0.610121
1.163686
0.726477
-0.302219
-1.024804
-0.973816
-0.335689
0.446027
0.924015
0.740454
-0.073983
-0.875410
-0.864459
0.008996
0.875769
0.883229
0.094365
-0.671790
-0.816174
-0.432888
-0.015633
0.098011
-0.133107
-0.527591
-0.761189
-0.551274
-0.026601
0.231074
-0.184187
-0.911630
-1.152113
-0.610547
0.120924
0.249339
-0.299386
-0.856089
-0.816025
-0.289987
0.188456
0.300321
0.189937
0.160452
0.281478
0.352537
0.209046
-0.056544
-0.162375
0.062079
0.450308
0.694377
0.691274
0.582610
0.463133
0.293583
0.053563
-0.122966
-0.156126
-0.138436
-0.175208
-0.161749
0.014477
0.234540
0.283042
0.175748
0.128964
0.175929
0.082017
-0.164000
-0.199830
0.164728
0.504715
0.277757
-0.349465
-0.664673
-0.398940
-0.070883
-0.098445
-0.043332
0.693847
1.712272
1.864469
0.768136
-0.528988
-0.812440
-0.144536
0.369220
0.083283
-0.532696
-0.674269
-0.168337
0.446578
0.580670
0.118413
-0.550013
-0.920568
-0.764300
-0.300380
0.043022
0.095064
0.093082
0.272007
0.436260
0.233459
-0.246856
-0.468170
-0.134429
0.387536
0.521217
0.200809
-0.155561
-0.282246
-0.296470
-0.330984
-0.277943
-0.088675
-0.010082
-0.266662
-0.632084
-0.604904
-0.126723
0.285205
0.196125
-0.141545
-0.238140
-0.133390
-0.281330
-0.668566
-0.592013
0.352306
1.422756
1.409272
0.226696
-0.785629
-0.435821
0.908704
1.827321
1.536626
0.520326
-0.362920
-0.879777
-1.164302
-1.086304
-0.429713
0.445606
0.742755
0.187229
-0.562683
-0.753460
-0.424662
-0.186479
-0.289200
-0.397980
-0.245814
-0.044998
-0.122584
-0.450669
-0.763440
-0.892276
-0.773482
-0.365248
0.187124
0.432504
0.052608
-0.667917
-1.086510
-0.970553
-0.735602
-0.777611
-0.903608
-0.697186
-0.143561
0.390844
0.627608
0.551254
0.242611
-0.187320
-0.431989
-0.141326
0.568882
1.010626
0.586948
-0.472681
-1.268347
-1.119721
-0.193948
0.736708
1.017385
0.538417
-0.305441
-0.948500
-1.047754
-0.722483
-0.422528
-0.415501
-0.497844
-0.331535
0.009971
0.078563
-0.350649
-0.874324
-0.892550
-0.345853
0.131999
-0.069374
-0.804533
-1.287690
-0.919928
0.076996
0.849722
0.754364
-0.019986
-0.692562
-0.741243
-0.377393
-0.167261
-0.338718
-0.579768
-0.515015
-0.179902
0.052540
-0.099298
-0.570756
-0.974598
-0.883153
-0.217588
0.540884
0.702364
0.088047
-0.646697
-0.644781
0.148272
0.951138
1.118653
0.789009
0.453482
0.268075
0.068338
-0.104675
0.023163
0.470056
0.847047
0.872180
0.650685
0.352730
-0.034059
-0.435468
-0.454210
0.139983
0.836129
0.865668
0.288228
-0.013325
0.475025
1.106100
0.942006
0.051526
-0.555357
-0.341755
0.109979
0.082008
-0.171784
0.132578
1.011521
1.530399
1.033858
0.081348
-0.281331
0.134090
0.533143
0.269820
-0.329416
-0.501421
-0.108998
0.327414
0.490248
0.657660
1.069107
1.359269
1.002786
0.188664
-0.252457
0.114185
0.781024
0.905799
0.255513
-0.594232
-0.865691
-0.328281
0.533775
0.952727
0.575331
-0.205654
-0.693253
-0.675433
-0.554228
-0.675892
-0.757159
-0.302417
0.552931
1.016200
0.586223
-0.248649
-0.542931
0.023116
0.858644
1.172128
0.776926
0.152766
-0.210051
-0.289161
-0.411649
-0.754757
-1.051231
-0.882674
-0.211768
0.562931
1.069812
1.276958
1.256547
0.893751
0.141296
-0.629959
-0.964899
-0.905191
-0.880102
-0.983968
-0.807368
-0.150917
0.454988
0.320966
-0.486814
-1.170991
-1.141438
-0.639590
-0.317030
-0.408420
-0.518247
-0.192951
0.544204
1.258528
1.518599
1.138078
0.227991
-0.796909
-1.322828
-0.945609
0.073560
0.918392
0.983663
0.454319
-0.073955
-0.345165
-0.541975
-0.707784
-0.538117
0.072611
0.670136
0.821410
0.678617
0.649447
0.602801
0.055270
-0.860948
-1.252617
-0.631009
0.334060
0.651471
0.318525
0.132086
0.443703
0.707103
0.417067
-0.060827
-0.041659
0.495076
0.867512
0.561918
-0.213328
-0.788809
-0.606762
0.353657
1.457210
1.763000
0.862924
-0.586833
-1.420651
-1.153371
-0.394191
0.029451
0.006997
-0.068287
-0.075769
-0.198953
-0.324484
-0.019815
0.734389
1.222971
0.796562
-0.251701
-0.996264
-1.004787
-0.687393
-0.525546
-0.412271
-0.092347
0.214431
0.063706
-0.394435
-0.372685
0.476947
1.446072
1.548014
0.703264
-0.233622
-0.554065
-0.461173
-0.548208
-0.864246
-0.892978
-0.354967
0.353983
0.653981
0.496368
0.313786
0.444329
0.793639
1.040821
0.975089
0.621602
0.132642
-0.276391
-0.426822
-0.303500
-0.082768
0.043337
0.038628
-0.005405
-0.017035
-0.003101
0.009247
0.004513
-0.005768
-0.006140
-0.000556
0.004807
0.000064
-0.007159
-0.003801
0.004258
0.001529
